000000000048000720200506001400080009600000005020000080007000500000301000000040000
000000000068000420300709005500020003700000008030000060002000600000305000000010000
000000000051000290700308006400050003900000007070000080002000900000706000000010000
000000000056000980300704001800050002400000008030000070009000500000301000000060000
000000000095000320800704009400030005100000007050000090006000200000907000000050000
000000000037000580500204009300090006200000008050000020009000400000803000000060000
000000000036000120700409003900020004500000002080000070003000800000507000000040000
000000000069000430800507002600090001200000008080000070001000300000802000000060000
000000000087000520500906001200080005900000003060000010004000800000309000000070000
000000000082000410700906008500020001600000009010000060004000200000107000000080000
000000000046000120500307009600010003900000005050000070001000600000509000000040000
000000000031000860600502003500080006400000001090000020005000900000204000000060000
000000000035000790600204003400050009100000002090000060004000800000609000000070000
000000000061000430900208001200030005400000007030000010007000800000603000000010000
000000000042000830800901006400020003100000009080000060007000500000608000000040000
000000000041000590700803004600050009800000007070000010004000300000706000000090000
000000000013000650900708004100050007800000009090000040005000200000904000000060000
000000000052000860400709001500010003700000006040000050008000500000602000000080000
000000000028000930100706004700060001400000006090000040009000800000104000000020000
000000000082000310400609007900020004500000006030000050001000900000405000000080000
000000000063000850800704006700080004100000002020000090009000300000201000000030000
000000000025000430800607002200030007900000008080000050001000900000803000000040000
000000000065000480100902006300040008900000001010000050006000200000103000000080000
000000000064000780900305002600040009200000005080000070007000100000206000000080000
000000000032000540800704006100030009700000008080000070005000300000108000000020000
000000000018000720700609005900010002200000003070000060003000900000302000000080000
000000000015000730700204006400030001800000003020000040001000500000807000000040000
000000000042000370100506009400020001900000006070000030003000800000904000000070000
000000000074000950500103002200040008700000001090000060008000500000908000000070000
000000000098000640300102007700080005200000004030000020006000100000403000000060000
000000000029000640100902007800040002700000001010000070006000300000708000000060000
000000000083000920500407006900080007600000005050000040009000800000705000000020000
000000000054000830600207001500040009900000007030000080008000600000501000000030000
000000000059000260600307005500030008300000007060000010001000700000508000000090000
000000000034000960500108003700090005300000008050000010009000600000501000000040000
000000000025000670400508001900060005100000004040000030006000900000104000000020000
000000000064000290500102003300070004100000005080000030009000600000805000000060000
000000000061000820800705009900060002500000003070000050003000600000208000000010000
000000000025000490300107006700040009600000003080000060002000500000603000000050000
000000000097000140200605003600010004300000002080000030009000700000203000000070000
000000000062000180500904002900080006600000003030000040008000500000406000000010000
000000000029000750700103008500020006300000005010000080004000200000501000000090000
000000000053000270100608004400030001800000006070000050001000400000803000000070000
000000000092000470800503006900040008600000003080000050001000200000905000000020000
000000000084000690200903005300070004500000002090000050006000100000502000000080000
000000000091000740200805003600040009900000005080000030004000100000302000000070000
000000000041000970800503004400010006300000008080000050009000700000806000000090000
000000000019000460800203007200090003700000008080000070001000500000907000000030000
000000000058000720400306008100020006900000002040000080002000900000904000000070000
000000000042000530800601007700020003600000008010000070005000900000107000000050000
000000000006209800010070040900703006200080007070402050001000900000607000000040000
000000000005307100020060040100509008700080002040701030007000800000802000000040000
000000000008402100050010090100308007300020009070605020009000800000703000000060000
000000000007802600090070040300105008900060002050204010008000700000601000000040000
000000000009507300050080010200908006100060002060703090007000400000802000000030000
000000000003709800020060050800603007100040003040205060008000400000107000000020000
000000000009402700030080010100903006500060002090108050007000800000809000000010000
000000000003907400020080060600205001400070006080106020009000800000803000000020000
000000000007801600090060020800105003400090005050403080001000200000502000000030000
000000000003509600020040070600208004700010002050703090001000900000306000000070000
000000000025903860600105004100536009200701003040829010009000700000302000000090000
000000000096408350200905001300784005400609002070231040009000600000803000000040000
000000000007609200030040050900708006500030008080502070004000600000206000000050000
000000000002506700010080030600902007900050004030804060007000800000103000000070000
000000000005204300080090070300402008600070002070109050009000500000705000000080000
000000000004605700050090020900708004800030001030409050007000800000106000000080000
000000000006309200040060070500204003400090006070601080008000300000502000000070000
000000000009705200060040030700904008400050006030201040006000700000109000000070000
000000000008105700090020040400208005600050007070403090005000600000306000000040000
000000000008709200010020070800503002600010005030908060005000700000401000000030000
000000000002405700010030060600901003300080009040703050005000900000807000000020000
000000000009608100080050040400201005800040007010809020006000900000904000000020000
000000000005107600090060020700905004500070001020803090004000700000306000000020000
000000000002904300050080070500401006700060004040203050003000900000502000000010000
000000000007901600090020030900108007300050008050203040008000700000602000000030000
000000000004209800090050010800704009500060004010805070007000200000602000000010000
000000000002604700010090050600703001700060003030102080006000900000205000000010000
000000000004905200070020060200509007100070003080304010009000300000807000000030000
000000000009305400010020080500907004800010009020806010003000900000201000000070000
000000000005903700070040020600107002800020005010605080002000100000504000000010000
000000000003507600040020080500908003800010007070305040009000500000203000000040000
000000000002801600030060090900405002700030004040102080005000700000907000000080000
000000000007804300020010050600901005500060009010708060008000200000302000000040000
000000000005801900020060040100709003800040001040602070001000800000307000000090000
000000000008905200060030040400803001900060002050204080001000800000108000000050000
000000000006301500080020070400706003700080001050204090003000700000508000000040000
000000000007409300060010040500601002800090005070503020002000700000806000000040000
000000000005203400060030010300806004900050001040109050002000800000901000000040000
000000000003102800080020060300607002800090004070906080004000300000708000000070000
000000000008901600080020040700102006500090002040607030007000400000705000000060000
000000000007502100040030050800109007500020003090804060003000900000306000000080000
000000000006307900080020040400508007900030006050206010003000400000401000000080000
000000000009706100020010050200408006600020009080905010006000800000102000000040000
000000000005903600040010020300205009600090005080307040001000700000508000000070000
000000000002905300070030040500204009600090003040307080009000700000802000000010000
000000000007305800010040070400703008200060001090504030003000900000408000000050000